EN_SET_134 * 8912896 0 6 1
0
0
0
0
0
0
0
0
0
0
0
0
0
0
0
0
0
0
0
0
0
0
0
0
0
200000
0
0
0
200000000000
0
0
0
0
0
0
0
0
0
0
0
0
0
0
0
0
0
0
0
0
__EN_SET_134 * 8912902 0 6 1
0
0
0
0
0
0
0
0
0
0
0
0
0
0
0
0
0
0
0
0
0
0
0
0
0
200000
0
0
0
200000000000
0
0
0
0
0
0
0
0
0
0
0
0
0
0
0
0
0
0
0
0
EN_SET_135 * 8913152 0 6 1
0
0
0
0
0
0
0
0
0
0
0
0
0
0
0
0
0
0
0
0
0
0
0
0
0
200000
0
0
0
200000000000
0
0
0
0
0
0
0
0
0
0
0
0
0
0
0
0
0
0
0
0
__EN_SET_135 * 8913158 0 6 1
0
0
0
0
0
0
0
0
0
0
0
0
0
0
0
0
0
0
0
0
0
0
0
0
0
200000
0
0
0
200000000000
0
0
0
0
0
0
0
0
0
0
0
0
0
0
0
0
0
0
0
0
EN_SET_139 * 8913408 0 6 1
0
0
0
0
0
0
0
0
0
0
0
0
0
0
0
0
0
0
0
0
0
0
0
0
0
200000
0
0
0
200000000000
0
0
0
0
0
0
0
0
0
0
0
0
0
0
0
0
0
0
0
0
__EN_SET_139 * 8913414 0 6 1
0
0
0
0
0
0
0
0
0
0
0
0
0
0
0
0
0
0
0
0
0
0
0
0
0
200000
0
0
0
200000000000
0
0
0
0
0
0
0
0
0
0
0
0
0
0
0
0
0
0
0
0
EN_SET_140 * 8913664 0 6 1
0
0
0
0
0
0
0
0
0
0
0
0
0
0
0
0
0
0
0
0
0
0
0
0
0
200000
0
0
0
200000000000
0
0
0
0
0
0
0
0
0
0
0
0
0
0
0
0
0
0
0
0
__EN_SET_140 * 8913670 0 6 1
0
0
0
0
0
0
0
0
0
0
0
0
0
0
0
0
0
0
0
0
0
0
0
0
0
200000
0
0
0
200000000000
0
0
0
0
0
0
0
0
0
0
0
0
0
0
0
0
0
0
0
0
mode_operation_spi * 8914944 0 6 1
0
0
0
0
0
0
0
0
0
0
0
0
0
0
0
0
0
0
0
0
0
0
0
0
0
1230000000
0
0
0
3210000000
0
0
0
0
0
0
0
0
0
0
0
0
0
0
0
0
0
0
0
0
__mode_operation_spi * 8914962 0 6 1
0
0
0
0
0
0
0
0
0
0
0
0
0
0
0
0
0
0
0
0
0
0
0
0
0
1230000000
0
0
0
3210000000
0
0
0
0
0
0
0
0
0
0
0
0
0
0
0
0
0
0
0
0
WR_024H * 8916224 0 6 1
0
0
0
0
0
0
0
0
0
0
0
0
0
0
0
0
0
0
0
0
0
0
0
0
0
1230000000
0
0
0
3210000000
0
0
0
0
0
0
0
0
0
0
0
0
0
0
0
0
0
0
0
0
__WR_024H * 8916358 0 6 1
0
0
0
0
0
0
0
0
0
0
0
0
0
0
0
0
0
0
0
0
0
0
0
0
0
1230000000
0
0
0
3210000000
0
0
0
0
0
0
0
0
0
0
0
0
0
0
0
0
0
0
0
0
H086_C_START * 8913920 0 6 1
0
0
0
0
0
0
0
0
0
0
0
0
0
0
0
0
0
0
0
0
0
0
0
0
0
200000
0
0
0
200000000000
0
0
0
0
0
0
0
0
0
0
0
0
0
0
0
0
0
0
0
0
H086_C_STOP_T * 8913927 0 6 1
0
0
0
0
0
0
0
0
0
0
0
0
0
0
0
0
0
0
0
0
0
0
0
0
0
200000
0
0
0
200000000000
0
0
0
0
0
0
0
0
0
0
0
0
0
0
0
0
0
0
0
0
H087_C_START * 8914176 0 6 1
0
0
0
0
0
0
0
0
0
0
0
0
0
0
0
0
0
0
0
0
0
0
0
0
0
200000
0
0
0
200000000000
0
0
0
0
0
0
0
0
0
0
0
0
0
0
0
0
0
0
0
0
H087_C_STOP_T * 8914183 0 6 1
0
0
0
0
0
0
0
0
0
0
0
0
0
0
0
0
0
0
0
0
0
0
0
0
0
200000
0
0
0
200000000000
0
0
0
0
0
0
0
0
0
0
0
0
0
0
0
0
0
0
0
0
H08B_C_START * 8914432 0 6 1
0
0
0
0
0
0
0
0
0
0
0
0
0
0
0
0
0
0
0
0
0
0
0
0
0
200000
0
0
0
200000000000
0
0
0
0
0
0
0
0
0
0
0
0
0
0
0
0
0
0
0
0
H08B_C_STOP_T * 8914439 0 6 1
0
0
0
0
0
0
0
0
0
0
0
0
0
0
0
0
0
0
0
0
0
0
0
0
0
200000
0
0
0
200000000000
0
0
0
0
0
0
0
0
0
0
0
0
0
0
0
0
0
0
0
0
H08C_C_START * 8914688 0 6 1
0
0
0
0
0
0
0
0
0
0
0
0
0
0
0
0
0
0
0
0
0
0
0
0
0
200000
0
0
0
200000000000
0
0
0
0
0
0
0
0
0
0
0
0
0
0
0
0
0
0
0
0
H08C_C_STOP_T * 8914695 0 6 1
0
0
0
0
0
0
0
0
0
0
0
0
0
0
0
0
0
0
0
0
0
0
0
0
0
200000
0
0
0
200000000000
0
0
0
0
0
0
0
0
0
0
0
0
0
0
0
0
0
0
0
0
mode_operation_spi_C_START * 8914944 0 6 1
0
0
0
0
0
0
0
0
0
0
0
0
0
0
0
0
0
0
0
0
0
0
0
0
0
1230000000
0
0
0
3210000000
0
0
0
0
0
0
0
0
0
0
0
0
0
0
0
0
0
0
0
0
mode_operation_spi_C_STOP_T * 8914962 0 6 1
0
0
0
0
0
0
0
0
0
0
0
0
0
0
0
0
0
0
0
0
0
0
0
0
0
1230000000
0
0
0
3210000000
0
0
0
0
0
0
0
0
0
0
0
0
0
0
0
0
0
0
0
0
R_TRIM_SCAN_C_START * 8915200 0 6 1
0
0
0
0
0
0
0
0
0
0
0
0
0
0
0
0
0
0
0
0
0
0
0
0
0
1230000000
0
0
0
3210000000
0
0
0
0
0
0
0
0
0
0
0
0
0
0
0
0
0
0
0
0
R_TRIM_SCAN_C_STOP_T * 8915289 0 6 1
0
0
0
0
0
0
0
0
0
0
0
0
0
0
0
0
0
0
0
0
0
0
0
0
0
1230000000
0
0
0
3210000000
0
0
0
0
0
0
0
0
0
0
0
0
0
0
0
0
0
0
0
0
RESET_PAT_C_START * 8915456 0 6 1
0
0
0
0
0
0
0
0
0
0
0
0
0
0
0
0
0
0
0
0
0
0
0
0
0
1231000000
0
0
0
13210000000
0
0
0
0
0
0
0
0
0
0
0
0
0
0
0
0
0
0
0
0
RESET_PAT_C_STOP_T * 8915481 0 6 1
0
0
0
0
0
0
0
0
0
0
0
0
0
0
0
0
0
0
0
0
0
0
0
0
0
1231000000
0
0
0
13210000000
0
0
0
0
0
0
0
0
0
0
0
0
0
0
0
0
0
0
0
0
R_0_a0x002_C_START * 8915712 0 6 1
0
0
0
0
0
0
0
0
0
0
0
0
0
0
0
0
0
0
0
0
0
0
0
0
0
1230000000
0
0
0
3210000000
0
0
0
0
0
0
0
0
0
0
0
0
0
0
0
0
0
0
0
0
R_0_a0x002_C_STOP_T * 8915800 0 6 1
0
0
0
0
0
0
0
0
0
0
0
0
0
0
0
0
0
0
0
0
0
0
0
0
0
1230000000
0
0
0
3210000000
0
0
0
0
0
0
0
0
0
0
0
0
0
0
0
0
0
0
0
0
TRIM_SCAN_C_START * 8915968 0 6 1
0
0
0
0
0
0
0
0
0
0
0
0
0
0
0
0
0
0
0
0
0
0
0
0
0
1230000000
0
0
0
3210000000
0
0
0
0
0
0
0
0
0
0
0
0
0
0
0
0
0
0
0
0
TRIM_SCAN_C_STOP_T * 8916012 0 6 1
0
0
0
0
0
0
0
0
0
0
0
0
0
0
0
0
0
0
0
0
0
0
0
0
0
1230000000
0
0
0
3210000000
0
0
0
0
0
0
0
0
0
0
0
0
0
0
0
0
0
0
0
0
WR_024H_C_START * 8916224 0 6 1
0
0
0
0
0
0
0
0
0
0
0
0
0
0
0
0
0
0
0
0
0
0
0
0
0
1230000000
0
0
0
3210000000
0
0
0
0
0
0
0
0
0
0
0
0
0
0
0
0
0
0
0
0
WR_024H_C_STOP_T * 8916358 0 6 1
0
0
0
0
0
0
0
0
0
0
0
0
0
0
0
0
0
0
0
0
0
0
0
0
0
1230000000
0
0
0
3210000000
0
0
0
0
0
0
0
0
0
0
0
0
0
0
0
0
0
0
0
0
